[1,["53DU5a0cJNzJoPwHUId8Ng@2c7c7","53DU5a0cJNzJoPwHUId8Ng@73b7f","f6SJZOjTJB/JrJeh5xTdF7","53DU5a0cJNzJoPwHUId8Ng@ce543","53DU5a0cJNzJoPwHUId8Ng@30732","53DU5a0cJNzJoPwHUId8Ng@8035f","53DU5a0cJNzJoPwHUId8Ng@f1394","53DU5a0cJNzJoPwHUId8Ng@a7720","53DU5a0cJNzJoPwHUId8Ng@6e7dc","53DU5a0cJNzJoPwHUId8Ng@75ee4","53DU5a0cJNzJoPwHUId8Ng@4f21d","53DU5a0cJNzJoPwHUId8Ng@08571","53DU5a0cJNzJoPwHUId8Ng@a72ab","d9zjK/m9dKyr5RL6BrbApP@6c48a","c89m0XNRpI2qEsAhLShXXE"],["_parent","node","_mesh","_skeleton","_effectAsset","root","data","_defaultClip","mainTexture"],[["cc.Node",["_name","_prefab","_parent","_components","_lpos","_lrot","_euler","_children"],2,4,1,9,5,5,5,12],["cc.Node",["_name","_children","_prefab","_parent","_lpos","_lrot","_euler"],2,2,4,1,5,5,5],["cc.Node",["_name","_parent","_children","_prefab","_lpos","_lrot","_euler"],2,1,9,4,5,5,5],["cc.Material",["_states","_defines","_name","_props"],0,12],["cc.Mesh",["_native","_hash","_struct"],1,11],["cc.Prefab",["_name"],2],["cc.PrefabInfo",["fileId","instance","targetOverrides","nestedPrefabInstanceRoots","root","asset"],-1,1,1],["cc.SkeletalAnimation",["node","__prefab","_clips","_defaultClip"],3,1,4,3,6],["cc.CompPrefabInfo",["fileId"],2],["cc.SkinnedMeshRenderer",["node","__prefab","_materials","bakeSettings","_skinningRoot","_mesh","_skeleton"],3,1,4,3,4,1,6,6],["cc.ModelBakeSettings",[],3],["cc.Skeleton",["_name","_hash","_joints","_bindposes"],0,12]],[[6,0,1,2,3,4,5,5],[1,0,3,1,2,4,5,6,2],[0,0,2,1,4,2],[2,0,1,2,3,4,5,6,2],[8,0,2],[4,0,1,2,3],[9,0,1,2,3,4,5,6,1],[10,1],[11,0,1,2,3,4],[0,0,2,1,4,5,6,2],[0,0,2,3,1,2],[1,0,3,1,2,4,2],[1,0,3,1,2,2],[1,0,1,2,4,5,6,2],[3,2,0,1,3,4],[5,0,2],[0,0,7,3,1,2],[0,0,2,1,2],[0,0,7,1,4,5,6,2],[0,0,2,3,1,5,6,2],[2,0,1,2,3,4,2],[7,0,1,2,3,1],[3,0,1,3,3]],[[[[5,".bin",2978311417,[{"primitives":[{"primitiveMode":7,"jointMapIndex":0,"vertexBundelIndices":[0],"indexView":{"offset":12600,"length":1644,"count":822,"stride":2}}],"vertexBundles":[{"view":{"offset":0,"length":12600,"count":175,"stride":72},"attributes":[{"name":"a_position","format":32,"isNormalized":false},{"name":"a_normal","format":32,"isNormalized":false},{"name":"a_texCoord","format":21,"isNormalized":false},{"name":"a_tangent","format":44,"isNormalized":false},{"name":"a_joints","format":42,"isNormalized":false},{"name":"a_weights","format":44,"isNormalized":false}]}],"jointMaps":[[0,1,2,14,15,16,17]]},"minPosition",8,[1,-0.14929337799549103,0.6342006921768188,-0.15145541727542877],"maxPosition",8,[1,0.0977773368358612,1.3925349712371826,0.09373514354228973]]],-1],0,0,[],[],[]],[[[15,"Cat"],[16,"Cat",[[-3,[17,"Controls",-5,[0,"08jKS1ZMtREqv6/0TpJ1Mv",null,null,null,-4,0]],-6],1,4,1],[[21,-2,[4,"dat5kQZAxVA61/YVidw3Jr"],[12],13]],[0,"f6sk06gmtXOatk/6m1+3Da",null,null,null,-1,0]],[18,"Head",[[[9,"HeadEnd",-7,[0,"b8A/McnkReUoTEYLUAamdI",null,null,null,1,0],[1,0.38083770871162415,-3.552713599391162e-17,-3.469446874405432e-20],[3,0.7071067811865476,0,0,0.7071067811865476],[1,90.00000000000003,0,0]],-8,-9,-10,-11,-12,-13,[9,"LeftEye",-14,[0,"9b7ZMFKzNQIbHyF4hmvDdA",null,null,null,1,0],[1,0.16057097911834717,-0.06563535332679749,-0.1405981332063675],[3,0.49917210758757424,0.5008265238648801,-0.49917210758757424,0.5008265238648801],[1,89.81041777302116,90.00000000000003,0]],[9,"RightEye",-15,[0,"01z+Z8R75faLuK05XVgcum",null,null,null,1,0],[1,0.16057133674621582,-0.0656353086233139,0.14059780538082123],[3,0.5008239205008015,-0.4991747195664128,-0.5008239205008015,-0.4991747195664128],[1,-90.1889845918878,90,0]]],4,1,1,1,1,1,1,4,4],[0,"e1TXSfSadT7Y/Cc+LfrfVw",null,null,null,1,0],[1,0.04716813191771507,9.471590245007816e-18,-1.1013412488984848e-15],[3,-0.7056930543351166,0.04469130858650546,0.04469130858650546,0.7056930543351166],[1,-90.00000000000003,7.247367135296129,0]],[12,"Mesh",1,[-16,-17,-18,-19],[0,"7afy4ln4pfmp2Q4F4jceVc",null,null,null,1,0]],[13,"Hips",[-20,-21,-22,-23],[0,"78pz/8JPpXp7hifcId8Six",null,null,null,1,0],[1,-0.00007020135672064498,0.36624646186828613,-0.006192739121615887],[3,0.03391770930412933,-0.03391770930412933,0.7062928493164579,0.7062928493164579],[1,90.00000000000007,-90.00000000000007,84.50128995482704]],[13,"Spine2",[-24,-25,-26],[0,"daKy6FT01TvpqNcV8w9Fv9",null,null,null,1,0],[1,0.1491762101650238,-2.2204459996194763e-18,3.674838147981797e-16],[3,-1.7347234553442951e-18,0.03296661710272209,-2.7105053989754612e-20,0.9994564533569246],[1,-1.9857422183429716e-16,3.778380649802154,-9.657580077087749e-18]],[10,"HatandTie",3,[[6,-27,[4,"a1YSsARpVQ8YKAvaiNfdTF"],[0],[7],1,1,2]],[0,"f12SDpYXJcaLWUhEMFeWoh",null,null,null,1,0]],[10,"CatMesh",3,[[6,-28,[4,"d4ujbaPyhRU7JMZUkvjDxa"],[3],[7],1,4,5]],[0,"92WdkL0PRWeJo1+KGPtIkj",null,null,null,1,0]],[19,"ConstructionGearMesh",3,[[6,-29,[4,"be3j0ePYNRlpyyrLRbasoc"],[6],[7],1,7,8]],[0,"eccS+hi5pfGZscg67UlOSG",null,null,null,1,0],[3,-0.7071067811865476,0,0,0.7071067811865476],[1,-90.00000000000003,0,0]],[10,"PartHatandBowtie",3,[[6,-30,[4,"b6d5Qk73FVJ4/kAvmTTLvY"],[9],[7],1,10,11]],[0,"4fWYIETsVTCqIcBbUTQT8y",null,null,null,1,0]],[12,"Skeleton",1,[4],[0,"82e0YyIDtQe5z1sz81DeSk",null,null,null,1,0]],[1,"Spine1",4,[5],[0,"cdVsX+id5Xpo3kRpLlraQU",null,null,null,1,0],[1,0.04039163887500763,8.040443708199195e-18,8.881783998477905e-18],[3,-7.806255802429395e-18,0.04260479746457822,5.421010973909302e-20,0.9990920033875771],[1,-8.939834533153628e-16,4.883628358955791,-3.190493254587435e-17]],[1,"Neck",5,[2],[0,"0bztWd1ZpZVb5oM0ZxpPdg",null,null,null,1,0],[1,0.12963730096817017,8.67361718601358e-21,-4.4808601951497676e-15],[3,6.938893924602954e-18,-0.09236755994689454,-2.168404351438423e-19,0.9957249790325925],[1,7.894442813951052e-16,-10.599651584560972,-9.818687646515309e-17]],[3,"LeftEar",2,[[2,"LeftEarEnd",-31,[0,"f5I/74z2tfnrdcGEfGfTDD",null,null,null,1,0],[1,0.1775144636631012,0,1.4210854397564648e-16]]],[0,"c2M6G8UeBbeaSfi2BbuQZ9",null,null,null,1,0],[1,0.2793522775173187,0.03720202296972275,-0.23009176552295685],[3,1.794995543351471e-16,0.3826846740390523,-7.435143302345194e-17,0.9238790181921138],[1,2.226388238368047e-14,45.00015400860152,-5.752296191809984e-23]],[3,"LeftLowerLid",2,[[2,"LeftLowerLidEnd",-32,[0,"4futU0v01cwZET1BCb7m8K",null,null,null,1,0],[1,0.1568107306957245,-2.8421708795129297e-16,-2.3270273579703744e-15]]],[0,"54ZBlR84lYuIkM+Qwdm1A7",null,null,null,1,0],[1,0.17490357160568237,-0.05492698773741722,-0.13904909789562225],[3,-0.12288461379702223,-0.20698765996199345,0.8329575491182153,-0.49823408322031815],[1,131.80314910584636,139.03329290572452,-51.1823118037094]],[3,"LeftUpperLid",2,[[2,"LeftUpperLidEnd",-33,[0,"0bztwtV/FZPJZE2pEmuzhs",null,null,null,1,0],[1,0.1568107306957245,-1.4210854397564648e-16,-2.3625546726352984e-15]]],[0,"e7RHrrIihYBK/oQ8aVwCDh",null,null,null,1,0],[1,0.17490620911121368,-0.055724695324897766,-0.13904909789562225],[3,0.1996655631074543,0.134455145610119,-0.5394791413008572,0.8068566990669623],[1,54.104705409059655,48.55874290812316,-54.772942718246235]],[3,"RightEar",2,[[2,"RightEarEnd",-34,[0,"bebR1W6GNarZxE8I2cdM66",null,null,null,1,0],[1,-0.17752104997634888,-0.000006622427008551313,5.230090849295266e-8]]],[0,"68+zMpGJ1YwYQ2Ie7yEJx5",null,null,null,1,0],[1,0.2793477773666382,0.037202026695013046,0.23009179532527924],[3,-0.3826846740390523,-1.2642688284294047e-14,0.9238790181921138,-3.026560498833578e-14],[1,179.99999999999736,134.99984599139844,-2.6497687298988463e-12]],[3,"RightUpperLid",2,[[2,"RightUpperLidEnd",-35,[0,"272LtfGadeD4N/D0q+bT03",null,null,null,1,0],[1,-0.15681146085262299,-2.2846337799364846e-7,3.5835932976624463e-7]]],[0,"921dbUnGpREqYTUV5nfLwj",null,null,null,1,0],[1,0.17490573227405548,-0.055724672973155975,0.13904879987239838],[3,-0.134455145610119,0.1996655631074543,0.8068566990669623,0.5394791413008572],[1,-125.89529459094034,131.44125709187685,54.772942718246235]],[3,"RightLowerLid",2,[[2,"RightLowerLidEnd",-36,[0,"c9chGj5NtceKNJ0vmo37bN",null,null,null,1,0],[1,-0.1568107306957245,-0.0000010496894446987426,-5.1121634925266335e-8]]],[0,"c5N6M8NHtRcJDltx9pXWJO",null,null,null,1,0],[1,0.17490309476852417,-0.054926976561546326,0.13904879987239838],[3,-0.20698765996199345,0.12288461379702223,0.49823408322031815,0.8329575491182153],[1,-48.19685089415367,40.966707094275506,51.1823118037094]],[1,"LeftShoulder",5,[-37],[0,"c7rQ/FQsxQfoxgXaDSQX7E",null,null,null,1,0],[1,0.12603209912776947,-0.017391739413142204,0.007687277626246214],[3,0.15760639431759924,0.1395470659795138,-0.732755249444615,0.6471140434715312],[1,106.82709021630141,105.32743481069573,-64.73794892860685]],[1,"LeftArm",19,[-38],[0,"ebN+7mNj1TcpnYgKDaHHDl",null,null,null,1,0],[1,0.05755278840661049,0.0018110662931576371,2.4424906409404546e-17],[3,-0.016538867905963886,-0.19754694616072713,0.06051786309429294,0.9782838331269],[1,-0.48793137083837645,-22.80207514521774,7.1773890354014025]],[11,"LeftForeArm",20,[-39],[0,"b2X7L6e9la7p4Hm0kz7Cqd",null,null,null,1,0],[1,0.1632181853055954,4.2632563192693945e-16,1.776356799695581e-17]],[3,"LeftHand",21,[[2,"LeftHandEnd",-40,[0,"ddq3KggNlfg7w6FeMrR9B+",null,null,null,1,0],[1,0.0835648626089096,-1.4210854397564648e-16,1.776356799695581e-17]]],[0,"559uYMYd1Tza1/3oIyv3bB",null,null,null,1,0],[1,0.14366044104099274,8.526512638538789e-16,4.884981281880909e-17],[3,0.030492152470914514,1.200587074837204e-8,-1.1519212043787104e-9,0.9995350062092325],[1,3.4946849754370755,0.0000013791566990889796,-8.998883458446952e-8]],[1,"RightShoulder",5,[-41],[0,"42ggorU4pdjbG6eU+5AvNo",null,null,null,1,0],[1,0.1260319948196411,0.01739169843494892,0.007687271572649479],[3,0.732755249444615,-0.6471140434715312,0.15760639431759924,0.1395470659795138],[1,106.82709021630143,-74.6725651893043,-64.73794892860685]],[1,"RightArm",23,[-42],[0,"da8jYkzihU56ZTWgHhjeIs",null,null,null,1,0],[1,-0.0575527586042881,-0.0018112718826159835,-2.7322425211195878e-8],[3,-0.01651210696943747,-0.19754525858034905,0.06052327106721408,0.9782842913975351],[1,-0.4847968642285688,-22.802071386920385,7.177389481417054]],[11,"RightForeArm",24,[-43],[0,"a2qxS0A5FeiYVGZe4acwxJ",null,null,null,1,0],[1,-0.16321825981140137,-1.4210854397564648e-16,2.107310059784595e-8]],[3,"RightHand",25,[[2,"RightHandEnd",-44,[0,"0aHJWFnmhfkaPEP74ZBZye",null,null,null,1,0],[1,-0.08356549590826035,0,-2.559306722105248e-8]]],[0,"09NghV8qdYqbm63uonsVIB",null,null,null,1,0],[1,-0.14365999400615692,-1.4210854397564648e-16,4.142858500699731e-8],[3,0.03046480881974562,5.787529991671243e-8,-4.604947004430758e-9,0.9995358399895288],[1,3.491550167461009,0.000006645018443454203,-3.253998775976631e-7]],[1,"LeftUpLeg",4,[-45],[0,"fbGcqDM7VUAKP7sOKB6gIk",null,null,null,1,0],[1,-0.01921931281685829,-0.07169552892446518,0.0018074914114549756],[3,0.048007956763051814,0.003641646056243003,0.9986929115578294,0.01715933872803434],[1,-179.6774472386486,-174.5013160689305,1.98417560821275]],[1,"LeftLeg",27,[-46],[0,"b3wvbMK2BQ4b+Lr+xwTUro",null,null,null,1,0],[1,0.15458816289901733,-6.217248964370656e-17,-1.1102229998097382e-18],[3,7.7322187132142755e-19,0.04502683923855857,-7.523441012814113e-18,0.9989857775505038],[1,1.2733350112319796e-16,5.161440774081493,-8.572588609968514e-16]],[1,"LeftFoot",28,[-47],[0,"46oSbgTqNS9bygC7+13uRV",null,null,null,1,0],[1,0.15624696016311646,-7.105427198782324e-17,0.0004943467793054879],[3,-5.115397757855767e-18,-0.5324879821923661,-7.316942654515638e-18,0.8464375634509034],[1,-9.426357616778961e-16,-64.34742479936828,-3.975693730271018e-16]],[3,"LeftToe",29,[[2,"LeftToeEnd",-48,[0,"43n9ipajNdF7fqzv+DkiE6",null,null,null,1,0],[1,0.03465909883379936,8.881783998477905e-18,1.776356799695581e-17]]],[0,"daQBMnv2NZKJxLjx71A2KC",null,null,null,1,0],[1,0.05732153356075287,0.0003832218935713172,0.004398368299007416],[3,3.64722260598856e-15,-0.26365929520655157,9.973481430724957e-16,0.9646158696865733],[1,4.332854571908048e-13,-30.574606230437784,4.969889243796061e-17]],[1,"Tail1",4,[-49],[0,"25epS6MtdTA6IIhJRgPrxO",null,null,null,1,0],[1,0.00011377940973034129,-0.00007020135672064498,-0.07746118307113647],[3,1.150185794089368e-16,0.7402105458269593,-1.9863846748824998e-16,0.6723751540966955],[1,2.571089933196216e-14,95.4987078647805,-5.548707177981826e-15]],[11,"Tail2",31,[-50],[0,"54XNbeA5ZU1KXtWYOCPwFN",null,null,null,1,0],[1,0.12173349410295486,-7.105427198782324e-17,-7.105427198782324e-17]],[20,"Tail3",32,[[2,"Tail4",-51,[0,"18Wu+40x1Wz687QXoDgFdI",null,null,null,1,0],[1,0.13740576803684235,-7.105427198782324e-17,-7.105427198782324e-17]]],[0,"1blwLBc9VZhp6Ba1u2I8Ov",null,null,null,1,0],[1,0.10460332781076431,7.105427198782324e-17,-7.105427198782324e-17]],[1,"RightUpLeg",4,[-52],[0,"d4hgRCPStU+KE49eWrUXtM",null,null,null,1,0],[1,-0.019219690933823586,0.07169549912214279,0.0018075316911563277],[3,0.9986909621692523,0.01715749873642114,-0.04801515114296263,-0.004065412559807721],[1,-179.62892511902132,5.498671117139982,1.9862970980022598]],[1,"RightLeg",34,[-53],[0,"17n7NK3HRT2a/UG7GSP+40",null,null,null,1,0],[1,-0.15458761155605316,2.483192851343574e-8,8.18345530229081e-11],[3,-9.068136224871174e-20,0.04502683923855857,2.011897657686912e-18,0.9989857775505038],[1,-2.076155927203333e-17,5.161440774081493,2.2984477553499544e-16]],[1,"RightFoot",35,[-54],[0,"2flhM1uMtcg7OoT23as2WA",null,null,null,1,0],[1,-0.15624715387821198,-9.49624094914725e-8,-0.0004943112144246697],[3,1.91480356788051e-18,-0.5324879821923661,2.2293098339782412e-18,0.8464375634509034],[1,3.217550337223902e-16,-64.34742479936828,9.939232897209958e-17]],[3,"RightToe",36,[[2,"RightToeEnd",-55,[0,"97oMAs97JceL7ooDUQWli8",null,null,null,1,0],[1,-0.034659091383218765,-4.513263984762261e-9,-4.544950371609957e-8]]],[0,"6cYUJJygpRVLuRDb4ansFI",null,null,null,1,0],[1,-0.05732158198952675,-0.0003831507347058505,-0.004398376680910587],[3,-1.7083241910474238e-15,-0.26365929520655157,-4.691856786281692e-16,0.9646158696865733],[1,-2.030083193274399e-13,-30.574606230437784,-2.4848024933434704e-16]]],0,[0,5,1,0,1,1,0,-1,3,0,5,1,0,0,1,0,-3,10,0,0,2,0,-2,13,0,-3,14,0,-4,15,0,-5,16,0,-6,17,0,-7,18,0,0,2,0,0,2,0,-1,6,0,-2,7,0,-3,8,0,-4,9,0,-1,11,0,-2,27,0,-3,31,0,-4,34,0,-1,12,0,-2,19,0,-3,23,0,1,6,0,1,7,0,1,8,0,1,9,0,0,13,0,0,14,0,0,15,0,0,16,0,0,17,0,0,18,0,-1,20,0,-1,21,0,-1,22,0,0,22,0,-1,24,0,-1,25,0,-1,26,0,0,26,0,-1,28,0,-1,29,0,-1,30,0,0,30,0,-1,32,0,-1,33,0,0,33,0,-1,35,0,-1,36,0,-1,37,0,0,37,0,6,1,2,0,12,4,0,10,5,0,11,55],[0,0,0,0,0,0,0,0,0,0,0,0,0,0],[-1,2,3,-1,2,3,-1,2,3,-1,2,3,-1,7],[0,3,4,0,5,6,7,8,9,10,11,12,1,1]],[[[22,[{"rasterizerState":{},"depthStencilState":{},"blendState":{"targets":[{}]}},{"rasterizerState":{},"depthStencilState":{},"blendState":{"targets":[{}]}},{"rasterizerState":{},"depthStencilState":{},"blendState":{"targets":[{}]}},{"rasterizerState":{},"depthStencilState":{},"blendState":{"targets":[{}]}},{"rasterizerState":{},"depthStencilState":{},"blendState":{"targets":[{}]}},{"rasterizerState":{},"depthStencilState":{},"blendState":{"targets":[{}]}}],[{"USE_ALBEDO_MAP":true},{},{},{},{},{}],[[[{"roughness":0},"mainTexture",6,0],{},{},{},{},{}],11,0,0,0,0,0]]],0,0,[0,0],[8,4],[13,14]],[[[8,"Skin-0",3317604934,["Skeleton","Skeleton/Hips","Skeleton/Hips/Spine1","Skeleton/Hips/Spine1/Spine2","Skeleton/Hips/Spine1/Spine2/Neck","Skeleton/Hips/Spine1/Spine2/Neck/Head","Skeleton/Hips/Spine1/Spine2/Neck/Head/HeadEnd","Skeleton/Hips/Spine1/Spine2/Neck/Head/LeftEar","Skeleton/Hips/Spine1/Spine2/Neck/Head/LeftLowerLid","Skeleton/Hips/Spine1/Spine2/Neck/Head/LeftUpperLid","Skeleton/Hips/Spine1/Spine2/Neck/Head/RightEar","Skeleton/Hips/Spine1/Spine2/Neck/Head/RightEar/RightEarEnd","Skeleton/Hips/Spine1/Spine2/Neck/Head/RightUpperLid","Skeleton/Hips/Spine1/Spine2/LeftShoulder","Skeleton/Hips/Spine1/Spine2/LeftShoulder/LeftArm","Skeleton/Hips/Spine1/Spine2/RightShoulder","Skeleton/Hips/Spine1/Spine2/RightShoulder/RightArm"],[[[7,1,0,0,0,0,1,0,0,0,0,1,0,0,0,0,1],[7,6.095057182539833e-17,-1,-5.867487801907613e-18,0,0.9953983426094055,6.123234262925839e-17,-0.09582334756851196,0,0.09582334756851196,2.311115933264683e-33,0.9953983426094055,0,-0.3639677166938782,-0.00007020135672064498,0.04125920310616493,1],[7,6.122880891368157e-17,-1,-6.573293101253438e-19,0,0.9999423623085022,6.123234262925839e-17,-0.010735002346336842,0,0.010735002346336842,-1.925929944387236e-34,0.9999423623085022,0,-0.40640386939048767,-0.00007020135672064498,0.006685408763587475,1],[7,6.113904327360731e-17,-1,3.3789186513545857e-18,0,0.9984763264656067,6.123234262925839e-17,0.05518192797899246,0,-0.05518192797899246,0,0.9984763264656067,0,-0.554813027381897,-0.00007020135672064498,-0.029940402135252953,1],[7,6.071732674499308e-17,-1,-7.924980875215368e-18,0,0.9915892481803894,6.123234262925839e-17,-0.12942476570606232,0,0.12942476570606232,-1.5407439555097887e-33,0.9915892481803894,0,-0.6782785654067993,-0.00007020135672064498,0.09647195041179657,1],[7,6.123200513956847e-17,-2.5596159984294167e-14,-1,0,0.9999945759773254,0.0032984151039272547,-2.3195087361885206e-17,0,0.0032984151039272547,-0.9999945759773254,2.5596222664732264e-14,0,-0.7318211793899536,-0.004183654673397541,-0.00007020135672064498,1],[7,6.123200513956847e-17,-1,-7.230302036882914e-15,0,0.9999945759773254,8.50802111520684e-17,-0.0032984151039272547,0,0.0032984151039272547,-7.230060632492947e-15,0.9999945759773254,0,-1.1126588582992554,-0.00007020135672064498,0.004183654673397541,1],[7,0.7071086764335632,-2.5371997797001e-14,-0.7071048617362976,0,0.7071009874343872,0.0032984151039272547,0.7071048617362976,0,0.0023323253262788057,-0.9999945759773254,0.0023323381319642067,0,-0.8776559233665466,-0.041385676711797714,-0.5523602366447449,1],[7,0.4109719693660736,0.22237324714660645,-0.8841109871864319,0,-0.47589167952537537,0.8795039057731628,2.0665968080625543e-16,0,0.7775790095329285,0.4207410514354706,0.46727702021598816,0,0.33252206444740295,-0.8508296608924866,0.09776418656110764,1],[7,0.4324028789997101,-0.1771315038204193,-0.8841109871864319,0,0.3790717124938965,0.9253672957420349,4.554167932119312e-16,0,0.8181273937225342,-0.33514145016670227,0.46727702021598816,0,-0.4483570158481598,-0.7960007190704346,0.09739143401384354,1],[7,0.7071086764335632,2.558059829498721e-14,-0.7071048617362976,0,-0.7071009874343872,-0.0032984151039272547,-0.7071048617362976,0,-0.0023323253262788057,0.9999945759773254,-0.0023323381319642067,0,0.8777520656585693,0.04138568043708801,0.5522577166557312,1],[7,0.7071086764335632,2.558059829498721e-14,-0.7071048617362976,0,-0.7071009874343872,-0.0032984151039272547,-0.7071048617362976,0,-0.0023323253262788057,0.9999945759773254,-0.0023323381319642067,0,1.0552730560302734,0.04139230400323868,0.5522576570510864,1],[7,0.4324028789997101,-0.1771315038204193,-0.8841109871864319,0,-0.3790717124938965,-0.9253672957420349,1.2594719239972588e-15,0,-0.8181273937225342,0.33514145016670227,-0.46727702021598816,0,0.44841739535331726,0.7959754467010498,-0.09751531481742859,1],[7,0.9043654203414917,0.12354011833667755,0.4084863066673279,0,-0.13534720242023468,0.9907982349395752,5.955255056340001e-17,0,-0.4047274887561798,-0.055287476629018784,0.9127644300460815,0,0.07662610709667206,-0.6777494549751282,-0.007075611036270857,1],[7,0.99965900182724,-0.0015917295822873712,0.026064226403832436,0,-1.1982245597680764e-15,0.9981404542922974,0.0609559491276741,0,-0.026112783700227737,-0.060935162007808685,0.9978001117706299,0,-0.07018116116523743,-0.6759467720985413,-0.019671503454446793,1],[7,0.9043654203414917,0.12354011833667755,0.4084863066673279,0,0.13534720242023468,-0.9907982349395752,-2.5670312848386835e-16,0,0.4047274887561798,0.055287476629018784,-0.9127644300460815,0,-0.07649915665388107,0.6777666807174683,0.007132946979254484,1],[7,0.99965900182724,-0.0015903075691312551,0.026064381003379822,0,1.1527237497865883e-15,-0.9981437921524048,-0.06090134009718895,0,0.02611285261809826,0.060880571603775024,-0.9978034496307373,0,0.07032148540019989,0.6759477257728577,0.019638214260339737,1]],8,8,8,8,8,8,8,8,8,8,8,8,8,8,8,8,8]]],0,0,[],[],[]],[[[14,"ParthatAndBowtie",[{"rasterizerState":{},"blendState":{"targets":[{}]},"depthStencilState":{}}],[{"DCC_APP_NAME":5}],[[[{"albedoScale":1,"specularFactor":1,"shininessExponent":2,"emissiveScale":1},"mainColor",8,[4,4294967295],"specularColor",8,[4,4278190080],"emissive",8,[4,4278190080]]],11]]],0,0,[0],[4],[2]],[[[5,".bin",3733678960,[{"primitives":[{"primitiveMode":7,"jointMapIndex":0,"vertexBundelIndices":[0],"indexView":{"offset":73512,"length":4836,"count":2418,"stride":2}}],"vertexBundles":[{"view":{"offset":0,"length":73512,"count":1021,"stride":72},"attributes":[{"name":"a_position","format":32,"isNormalized":false},{"name":"a_normal","format":32,"isNormalized":false},{"name":"a_texCoord","format":21,"isNormalized":false},{"name":"a_tangent","format":44,"isNormalized":false},{"name":"a_joints","format":42,"isNormalized":false},{"name":"a_weights","format":44,"isNormalized":false}]}],"jointMaps":[[0,2,3,5]]},"minPosition",8,[1,-0.15892960131168365,-0.24076317250728607,0.45180878043174744],"maxPosition",8,[1,0.147089421749115,0.20473961532115936,1.2646510601043701]]],-1],0,0,[],[],[]],[[[8,"Skin-2",4054576349,["Skeleton","Skeleton/Hips","Skeleton/Hips/Spine1","Skeleton/Hips/Spine1/Spine2","Skeleton/Hips/Spine1/Spine2/Neck","Skeleton/Hips/Spine1/Spine2/Neck/Head","Skeleton/Hips/Spine1/Spine2/Neck/Head/HeadEnd","Skeleton/Hips/Spine1/Spine2/Neck/Head/LeftEar","Skeleton/Hips/Spine1/Spine2/Neck/Head/LeftLowerLid","Skeleton/Hips/Spine1/Spine2/Neck/Head/LeftUpperLid","Skeleton/Hips/Spine1/Spine2/Neck/Head/LeftUpperLid/LeftUpperLidEnd","Skeleton/Hips/Spine1/Spine2/Neck/Head/RightEar","Skeleton/Hips/Spine1/Spine2/Neck/Head/RightUpperLid","Skeleton/Hips/Spine1/Spine2/Neck/Head/RightUpperLid/RightUpperLidEnd","Skeleton/Hips/Spine1/Spine2/Neck/Head/RightLowerLid","Skeleton/Hips/Spine1/Spine2/LeftShoulder","Skeleton/Hips/Spine1/Spine2/LeftShoulder/LeftArm","Skeleton/Hips/Spine1/Spine2/RightShoulder","Skeleton/Hips/Spine1/Spine2/RightShoulder/RightArm","Skeleton/Hips/LeftUpLeg","Skeleton/Hips/Tail1","Skeleton/Hips/RightUpLeg"],[[[7,1,0,0,0,0,2.832769343193999e-16,-1,0,0,1,2.832769343193999e-16,0,0,0,0,1],[7,6.095057182539833e-17,-1,-5.867487801907613e-18,0,-0.09582334756851196,1.5034594787536135e-32,-0.9953983426094055,0,0.9953983426094055,6.123234262925839e-17,-0.09582334756851196,0,-0.3639677166938782,-0.00007020135672064498,0.04125920310616493,1],[7,6.122880891368157e-17,-1,-6.573293101253438e-19,0,-0.010735002346336842,1.7538303715239542e-32,-0.9999423623085022,0,0.9999423623085022,6.123234262925839e-17,-0.010735002346336842,0,-0.40640386939048767,-0.00007020135672064498,0.006685408763587475,1],[7,6.113904327360731e-17,-1,3.3789186513545857e-18,0,0.05518192797899246,1.7345710720800818e-32,-0.9984763264656067,0,0.9984763264656067,6.123234262925839e-17,0.05518192797899246,0,-0.554813027381897,-0.00007020135672064498,-0.029940402135252953,1],[7,0.006415565963834524,-0.9987706542015076,0.049152929335832596,0,-0.1292656511068344,-0.04956984892487526,-0.9903702735900879,0,0.9915892481803894,2.4302762273177006e-16,-0.12942476570606232,0,-0.6782793998718262,0.00032022301456891,0.09646580368280411,1],[7,0.00016350194346159697,-0.04956958070397377,-0.9987706542015076,0,-0.003294360125437379,0.998765230178833,-0.04956984892487526,0,0.9999945759773254,0.0032984151039272547,1.1013903900443153e-16,0,-0.7318212389945984,-0.004177453927695751,0.00032022301456891,1],[7,0.00016350194346159697,-0.9987706542015076,0.04956958070397377,0,-0.003294360125437379,-0.04956984892487526,-0.998765230178833,0,0.9999945759773254,2.184412076534033e-16,-0.0032984151039272547,0,-1.112658977508545,0.00032022301456891,0.004177453927695751,1],[7,0.7063550353050232,-0.04956958070397377,-0.706119954586029,0,0.03272181376814842,0.998765230178833,-0.03738055378198624,0,0.7071009874343872,0.0032984151039272547,0.7071048617362976,0,-0.8779320120811462,-0.041379477828741074,-0.5520841479301453,1],[7,0.4490112066268921,0.24295595288276672,-0.8598612546920776,0,-0.7562512755393982,-0.4092008173465729,-0.5105278491973877,0,-0.47589167952537537,0.8795039057731628,4.834684597821847e-16,0,0.3323568105697632,-0.8509190678596497,0.09810646623373032,1],[7,0.47242575883865356,-0.19352665543556213,-0.8598612546920776,0,-0.7956874370574951,0.3259490728378296,-0.5105278491973877,0,0.3790717124938965,0.9253672957420349,2.069119510407494e-16,0,-0.448530912399292,-0.795929491519928,0.09773372113704681,1],[7,0.47242575883865356,-0.19352665543556213,-0.8598612546920776,0,-0.7956874370574951,0.3259490728378296,-0.5105278491973877,0,0.3790717124938965,0.9253672957420349,2.069119510407494e-16,0,-0.6053416132926941,-0.795929491519928,0.09773372113704681,1],[7,0.7061238288879395,0.04956958070397377,-0.7063512206077576,0,0.037380728870630264,-0.998765230178833,-0.032721612602472305,0,-0.7071009874343872,-0.0032984151039272547,-0.7071048617362976,0,0.8774759769439697,0.041379477828741074,0.5525338053703308,1],[7,0.39131686091423035,-0.1603008359670639,-0.9061869382858276,0,0.8385557532310486,-0.34350985288619995,0.42287731170654297,0,-0.3790717124938965,-0.9253672957420349,1.244493310995369e-15,0,0.4482536315917969,0.7960425019264221,-0.0971672385931015,1],[7,0.39131686091423035,-0.1603008359670639,-0.9061869382858276,0,0.8385557532310486,-0.34350985288619995,0.42287731170654297,0,-0.3790717124938965,-0.9253672957420349,1.244493310995369e-15,0,0.605065107345581,0.7960427403450012,-0.09716759622097015,1],[7,0.37192225456237793,0.2012438029050827,-0.9061869382858276,0,0.7969949245452881,0.4312468469142914,0.42287731170654297,0,0.47589167952537537,-0.8795039057731628,-6.428024510616518e-17,0,-0.33261990547180176,0.8507761359214783,-0.097539983689785,1],[7,0.9043654203414917,0.12354011833667755,0.4084863066673279,0,0.4047274887561798,0.055287476629018784,-0.9127644300460815,0,-0.13534720242023468,0.9907982349395752,3.230902886369898e-16,0,0.07662610709667206,-0.6777494549751282,-0.007075611036270857,1],[7,0.9984566569328308,-0.022382674738764763,-0.05082637816667557,0,-0.04892009496688843,0.07875978201627731,-0.9956926107406616,0,0.026289338245987892,0.9966422915458679,0.07754326611757278,0,-0.08611088991165161,-0.6739042401313782,-0.025580862537026405,1],[7,0.9043654203414917,0.12354011833667755,0.4084863066673279,0,-0.4047274887561798,-0.055287476629018784,0.9127644300460815,0,0.13534720242023468,-0.9907982349395752,-5.23596592718798e-16,0,-0.07649915665388107,0.6777666807174683,0.007132946979254484,1],[7,0.99965900182724,-0.0015903075691312551,0.026064381003379822,0,-0.02611285261809826,-0.060880571603775024,0.9978034496307373,0,1.1601208885149601e-15,-0.9981437921524048,-0.06090134009718895,0,0.07032148540019989,0.6759477257728577,0.019638214260339737,1],[7,-0.03462347760796547,0.9993845820426941,-0.005626203026622534,0,4.553840255994146e-7,-0.005629562307149172,-0.9999841451644897,0,-0.9994004368782043,-0.034622929990291595,0.00019445992074906826,0,0.3492142856121063,-0.0595339871942997,0.006570637226104736,1],[7,6.123234262925839e-17,-1,6.123234262925839e-17,0,1,6.123234262925839e-17,2.832769343193999e-16,0,-2.832769343193999e-16,6.123234262925839e-17,1,0,-0.08328656852245331,-2.7987397945380575e-17,-0.37378230690956116,1],[7,-0.03466048091650009,0.9993782043457031,-0.006472541950643063,0,-6.817078883614158e-7,0.006476409733295441,0.9999790191650391,0,0.9993991255760193,0.03465975821018219,-0.00022379418078344315,0,-0.34922096133232117,0.05965576693415642,-0.006621952168643475,1]],8,8,8,8,8,8,8,8,8,8,8,8,8,8,8,8,8,8,8,8,8,8]]],0,0,[],[],[]],[[[5,".bin",2654291142,[{"primitives":[{"primitiveMode":7,"jointMapIndex":0,"vertexBundelIndices":[0],"indexView":{"offset":109296,"length":14664,"count":7332,"stride":2}}],"vertexBundles":[{"view":{"offset":0,"length":109296,"count":1518,"stride":72},"attributes":[{"name":"a_position","format":32,"isNormalized":false},{"name":"a_normal","format":32,"isNormalized":false},{"name":"a_texCoord","format":21,"isNormalized":false},{"name":"a_tangent","format":44,"isNormalized":false},{"name":"a_joints","format":42,"isNormalized":false},{"name":"a_weights","format":44,"isNormalized":false}]}],"jointMaps":[[0,1,2,3,4,5,7,10,12,13,16,18,19,20,21,22,23,24,26,27,28,29,31,32,33,34,36,37,38,40,41,42,43]]},"minPosition",8,[1,-0.46181023120880127,0.000706472375895828,-0.4468422830104828],"maxPosition",8,[1,0.46174347400665283,1.1271237134933472,0.244679257273674]]],-1],0,0,[],[],[]],[[[8,"Skin-3",697359858,["Skeleton/Hips/Spine1/Spine2","Skeleton/Hips/Spine1/Spine2/Neck","Skeleton/Hips/Spine1/Spine2/Neck/Head","Skeleton/Hips/Spine1/Spine2/Neck/Head/HeadEnd","Skeleton/Hips/Spine1/Spine2/Neck/Head/LeftEar","Skeleton/Hips/Spine1/Spine2/Neck/Head/LeftEar/LeftEarEnd","Skeleton/Hips/Spine1/Spine2/Neck/Head/LeftLowerLid","Skeleton/Hips/Spine1/Spine2/Neck/Head/LeftUpperLid","Skeleton/Hips/Spine1/Spine2/Neck/Head/RightEar","Skeleton/Hips/Spine1/Spine2/Neck/Head/RightEar/RightEarEnd","Skeleton/Hips/Spine1/Spine2/Neck/Head/RightUpperLid","Skeleton/Hips/Spine1/Spine2/Neck/Head/RightUpperLid/RightUpperLidEnd","Skeleton/Hips/Spine1/Spine2/Neck/Head/RightLowerLid","Skeleton/Hips/Spine1/Spine2/Neck/Head/LeftEye","Skeleton/Hips/Spine1/Spine2/LeftShoulder","Skeleton/Hips/Spine1/Spine2/LeftShoulder/LeftArm","Skeleton/Hips/Spine1/Spine2/RightShoulder","Skeleton/Hips/Spine1/Spine2/RightShoulder/RightArm"],[[[7,6.113904327360731e-17,-1,3.3789186513545857e-18,0,0.9984763264656067,6.123234262925839e-17,0.05518192797899246,0,-0.05518192797899246,0,0.9984763264656067,0,-0.554813027381897,-0.00007020135672064498,-0.029940402135252953,1],[7,6.071732674499308e-17,-1,-7.924980875215368e-18,0,0.9915892481803894,6.123234262925839e-17,-0.12942476570606232,0,0.12942476570606232,-1.5407439555097887e-33,0.9915892481803894,0,-0.6782785654067993,-0.00007020135672064498,0.09647195041179657,1],[7,6.123200513956847e-17,-2.3819803144893917e-14,-1,0,0.9999945759773254,0.0032984151039272547,-1.733592389207202e-17,0,0.0032984151039272547,-0.9999945759773254,2.381987598972738e-14,0,-0.7318211793899536,-0.004183654673397541,-0.00007020135672064498,1],[7,6.123200513956847e-17,-1,-9.022262917237484e-15,0,0.9999945759773254,9.099084014523341e-17,-0.0032984151039272547,0,0.0032984151039272547,-9.022011348452149e-15,0.9999945759773254,0,-1.1126588582992554,-0.00007020135672064498,0.004183654673397541,1],[7,0.7071086764335632,-2.384851078554226e-14,-0.7071048617362976,0,0.7071009874343872,0.0032984151039272547,0.7071048617362976,0,0.0023323253262788057,-0.9999945759773254,0.0023323381319642067,0,-0.8776559233665466,-0.041385676711797714,-0.5523602366447449,1],[7,0.7071086764335632,-2.384851078554226e-14,-0.7071048617362976,0,0.7071009874343872,0.0032984151039272547,0.7071048617362976,0,0.0023323253262788057,-0.9999945759773254,0.0023323381319642067,0,-1.0551704168319702,-0.041385676711797714,-0.5523602366447449,1],[7,0.4109719693660736,0.22237324714660645,-0.8841109871864319,0,-0.47589167952537537,0.8795039057731628,6.583403705065255e-16,0,0.7775790095329285,0.4207410514354706,0.46727702021598816,0,0.33252206444740295,-0.8508296608924866,0.09776418656110764,1],[7,0.4324028789997101,-0.1771315038204193,-0.8841109871864319,0,0.3790717124938965,0.9253672957420349,9.371775683980022e-17,0,0.8181273937225342,-0.33514145016670227,0.46727702021598816,0,-0.4483570158481598,-0.7960007190704346,0.09739143401384354,1],[7,0.7071086764335632,2.3585551101133057e-14,-0.7071048617362976,0,-0.7071009874343872,-0.0032984151039272547,-0.7071048617362976,0,-0.0023323253262788057,0.9999945759773254,-0.0023323381319642067,0,0.8777520656585693,0.04138568043708801,0.5522577166557312,1],[7,0.7071086764335632,2.3585551101133057e-14,-0.7071048617362976,0,-0.7071009874343872,-0.0032984151039272547,-0.7071048617362976,0,-0.0023323253262788057,0.9999945759773254,-0.0023323381319642067,0,1.0552730560302734,0.04139230400323868,0.5522576570510864,1],[7,0.4324028789997101,-0.1771315038204193,-0.8841109871864319,0,-0.3790717124938965,-0.9253672957420349,1.372295018505637e-15,0,-0.8181273937225342,0.33514145016670227,-0.46727702021598816,0,0.44841739535331726,0.7959754467010498,-0.09751531481742859,1],[7,0.4324028789997101,-0.1771315038204193,-0.8841109871864319,0,-0.3790717124938965,-0.9253672957420349,1.372295018505637e-15,0,-0.8181273937225342,0.33514145016670227,-0.46727702021598816,0,0.605228841304779,0.7959756851196289,-0.09751567244529724,1],[7,0.4109719693660736,0.22237324714660645,-0.8841109871864319,0,0.47589167952537537,-0.8795039057731628,1.694803871963896e-16,0,-0.7775790095329285,-0.4207410514354706,-0.46727702021598816,0,-0.3324642777442932,0.8508603572845459,-0.09788805991411209,1],[7,1,-2.7816546741238173e-14,2.3803716295159663e-14,0,2.7816299407617574e-14,1,0.000010413047675683629,0,-2.3804005980427624e-14,-0.000010413047675683629,1,0,-0.14052791893482208,-0.8921839594841003,-0.06440412998199463,1],[7,0.9043654203414917,0.12354011833667755,0.4084863066673279,0,-0.13534720242023468,0.9907982349395752,5.955255056340001e-17,0,-0.4047274887561798,-0.055287476629018784,0.9127644300460815,0,0.07662610709667206,-0.6777494549751282,-0.007075611036270857,1],[7,0.99965900182724,-0.0015917295822873712,0.026064226403832436,0,-1.1982245597680764e-15,0.9981404542922974,0.0609559491276741,0,-0.026112783700227737,-0.060935162007808685,0.9978001117706299,0,-0.07018116116523743,-0.6759467720985413,-0.019671503454446793,1],[7,0.9043654203414917,0.12354011833667755,0.4084863066673279,0,0.13534720242023468,-0.9907982349395752,-2.5670312848386835e-16,0,0.4047274887561798,0.055287476629018784,-0.9127644300460815,0,-0.07649915665388107,0.6777666807174683,0.007132946979254484,1],[7,0.99965900182724,-0.0015903075691312551,0.026064381003379822,0,1.1663846971599057e-15,-0.9981437921524048,-0.06090134009718895,0,0.02611285261809826,0.060880571603775024,-0.9978034496307373,0,0.07032148540019989,0.6759477257728577,0.019638214260339737,1]],8,8,8,8,8,8,8,8,8,8,8,8,8,8,8,8,8,8]]],0,0,[],[],[]],[[[14,"ConstructionGear",[{"rasterizerState":{},"blendState":{"targets":[{}]},"depthStencilState":{}}],[{"DCC_APP_NAME":5}],[[[{"albedoScale":1,"specularFactor":1,"shininessExponent":2,"emissiveScale":1},"mainColor",8,[4,4294967295],"specularColor",8,[4,4278190080],"emissive",8,[4,4278190080]]],11]]],0,0,[0],[4],[2]],[[[5,".bin",3148037394,[{"primitives":[{"primitiveMode":7,"jointMapIndex":0,"vertexBundelIndices":[0],"indexView":{"offset":20664,"length":2508,"count":1254,"stride":2}}],"vertexBundles":[{"view":{"offset":0,"length":20664,"count":287,"stride":72},"attributes":[{"name":"a_position","format":32,"isNormalized":false},{"name":"a_normal","format":32,"isNormalized":false},{"name":"a_texCoord","format":21,"isNormalized":false},{"name":"a_tangent","format":44,"isNormalized":false},{"name":"a_joints","format":42,"isNormalized":false},{"name":"a_weights","format":44,"isNormalized":false}]}],"jointMaps":[[0,1,2,3,5,13,15]]},"minPosition",8,[1,-0.1986703872680664,0.4488212466239929,-0.16902130842208862],"maxPosition",8,[1,0.062225960195064545,1.236372947692871,0.1045808419585228]]],-1],0,0,[],[],[]],[[[8,"Skin-1",1392541566,["Skeleton","Skeleton/Hips","Skeleton/Hips/Spine1","Skeleton/Hips/Spine1/Spine2","Skeleton/Hips/Spine1/Spine2/Neck","Skeleton/Hips/Spine1/Spine2/Neck/Head","Skeleton/Hips/Spine1/Spine2/Neck/Head/HeadEnd","Skeleton/Hips/Spine1/Spine2/Neck/Head/LeftEar","Skeleton/Hips/Spine1/Spine2/Neck/Head/LeftEar/LeftEarEnd","Skeleton/Hips/Spine1/Spine2/Neck/Head/LeftLowerLid","Skeleton/Hips/Spine1/Spine2/Neck/Head/LeftLowerLid/LeftLowerLidEnd","Skeleton/Hips/Spine1/Spine2/Neck/Head/LeftUpperLid","Skeleton/Hips/Spine1/Spine2/Neck/Head/LeftUpperLid/LeftUpperLidEnd","Skeleton/Hips/Spine1/Spine2/Neck/Head/RightEar","Skeleton/Hips/Spine1/Spine2/Neck/Head/RightEar/RightEarEnd","Skeleton/Hips/Spine1/Spine2/Neck/Head/RightUpperLid","Skeleton/Hips/Spine1/Spine2/Neck/Head/RightUpperLid/RightUpperLidEnd","Skeleton/Hips/Spine1/Spine2/Neck/Head/RightLowerLid","Skeleton/Hips/Spine1/Spine2/Neck/Head/RightLowerLid/RightLowerLidEnd","Skeleton/Hips/Spine1/Spine2/Neck/Head/LeftEye","Skeleton/Hips/Spine1/Spine2/Neck/Head/RightEye","Skeleton/Hips/Spine1/Spine2/LeftShoulder","Skeleton/Hips/Spine1/Spine2/LeftShoulder/LeftArm","Skeleton/Hips/Spine1/Spine2/LeftShoulder/LeftArm/LeftForeArm","Skeleton/Hips/Spine1/Spine2/LeftShoulder/LeftArm/LeftForeArm/LeftHand","Skeleton/Hips/Spine1/Spine2/LeftShoulder/LeftArm/LeftForeArm/LeftHand/LeftHandEnd","Skeleton/Hips/Spine1/Spine2/RightShoulder","Skeleton/Hips/Spine1/Spine2/RightShoulder/RightArm","Skeleton/Hips/Spine1/Spine2/RightShoulder/RightArm/RightForeArm","Skeleton/Hips/Spine1/Spine2/RightShoulder/RightArm/RightForeArm/RightHand","Skeleton/Hips/Spine1/Spine2/RightShoulder/RightArm/RightForeArm/RightHand/RightHandEnd","Skeleton/Hips/LeftUpLeg","Skeleton/Hips/LeftUpLeg/LeftLeg","Skeleton/Hips/LeftUpLeg/LeftLeg/LeftFoot","Skeleton/Hips/LeftUpLeg/LeftLeg/LeftFoot/LeftToe","Skeleton/Hips/LeftUpLeg/LeftLeg/LeftFoot/LeftToe/LeftToeEnd","Skeleton/Hips/Tail1","Skeleton/Hips/Tail1/Tail2","Skeleton/Hips/Tail1/Tail2/Tail3","Skeleton/Hips/Tail1/Tail2/Tail3/Tail4","Skeleton/Hips/RightUpLeg","Skeleton/Hips/RightUpLeg/RightLeg","Skeleton/Hips/RightUpLeg/RightLeg/RightFoot","Skeleton/Hips/RightUpLeg/RightLeg/RightFoot/RightToe","Skeleton/Hips/RightUpLeg/RightLeg/RightFoot/RightToe/RightToeEnd"],[[[7,1,0,0,0,0,1,0,0,0,0,1,0,0,0,0,1],[7,6.095057182539833e-17,-1,-5.867487801907613e-18,0,0.9953983426094055,6.123234262925839e-17,-0.09582334756851196,0,0.09582334756851196,2.311115933264683e-33,0.9953983426094055,0,-0.3639677166938782,-0.00007020135672064498,0.04125920310616493,1],[7,6.122880891368157e-17,-1,-6.573293101253438e-19,0,0.9999423623085022,6.123234262925839e-17,-0.010735002346336842,0,0.010735002346336842,-1.925929944387236e-34,0.9999423623085022,0,-0.40640386939048767,-0.00007020135672064498,0.006685408763587475,1],[7,6.113904327360731e-17,-1,3.3789186513545857e-18,0,0.9984763264656067,6.123234262925839e-17,0.05518192797899246,0,-0.05518192797899246,0,0.9984763264656067,0,-0.554813027381897,-0.00007020135672064498,-0.029940402135252953,1],[7,6.071732674499308e-17,-1,-7.924980875215368e-18,0,0.9915892481803894,6.123234262925839e-17,-0.12942476570606232,0,0.12942476570606232,-1.5407439555097887e-33,0.9915892481803894,0,-0.6782785654067993,-0.00007020135672064498,0.09647195041179657,1],[7,6.123200513956847e-17,-2.5596159984294167e-14,-1,0,0.9999945759773254,0.0032984151039272547,-2.3195087361885206e-17,0,0.0032984151039272547,-0.9999945759773254,2.5596222664732264e-14,0,-0.7318211793899536,-0.004183654673397541,-0.00007020135672064498,1],[7,6.123200513956847e-17,-1,-7.230302036882914e-15,0,0.9999945759773254,8.50802111520684e-17,-0.0032984151039272547,0,0.0032984151039272547,-7.230060632492947e-15,0.9999945759773254,0,-1.1126588582992554,-0.00007020135672064498,0.004183654673397541,1],[7,0.7071086764335632,-2.5371997797001e-14,-0.7071048617362976,0,0.7071009874343872,0.0032984151039272547,0.7071048617362976,0,0.0023323253262788057,-0.9999945759773254,0.0023323381319642067,0,-0.8776559233665466,-0.041385676711797714,-0.5523602366447449,1],[7,0.7071086764335632,-2.5371997797001e-14,-0.7071048617362976,0,0.7071009874343872,0.0032984151039272547,0.7071048617362976,0,0.0023323253262788057,-0.9999945759773254,0.0023323381319642067,0,-1.0551704168319702,-0.041385676711797714,-0.5523602366447449,1],[7,0.4109719693660736,0.22237324714660645,-0.8841109871864319,0,-0.47589167952537537,0.8795039057731628,2.0665968080625543e-16,0,0.7775790095329285,0.4207410514354706,0.46727702021598816,0,0.33252206444740295,-0.8508296608924866,0.09776418656110764,1],[7,0.4109719693660736,0.22237324714660645,-0.8841109871864319,0,-0.47589167952537537,0.8795039057731628,2.0665968080625543e-16,0,0.7775790095329285,0.4207410514354706,0.46727702021598816,0,0.17571133375167847,-0.8508296608924866,0.09776418656110764,1],[7,0.4324028789997101,-0.1771315038204193,-0.8841109871864319,0,0.3790717124938965,0.9253672957420349,4.554167932119312e-16,0,0.8181273937225342,-0.33514145016670227,0.46727702021598816,0,-0.4483570158481598,-0.7960007190704346,0.09739143401384354,1],[7,0.4324028789997101,-0.1771315038204193,-0.8841109871864319,0,0.3790717124938965,0.92